PH:5.617
Temp:26.000000
Pressure:1027.300049
